807
640
729
692
737
773
777
776
762
817
883
896
966
955
1049
991
1128
1164
1276
1376
1182
1307
1247
1357
1347
1432
1394
1569
1526
1596
1688
1678
1596
1634
1669
1658
1842
1685
1694
1752
1737
1637
1634
1644
1563
1543
1542
1521
1377
1406
1212
1258
1118
1027
1094
939
859
837
723
758
656
627
587
548
535
517
523
519
513
549
595
676
766
866
923
1125
1223
1277
1593
1849
1939
2164
2395
2524
2672
2960
3403
3595
3943
4329
4237
4484
4622
5062
5141
5440
5528
5635
5684
5799
5798
5788
5835
5894
5846
5670
5514
5294
4971
5080
4595
4314
4165
4097
3418
3242
2936
2433
2346
1969
1746
1417
1220
1016
845
661
549
509
507
575
675
820
1122
1366
1749
1929
2335
3043
3620
3992
4627
5115
5819
6530
7113
7894
8389
8790
9501
10125
10667
10911
11548
11582
12089
12377
12170
12434
12196
11872
11482
11237
10969
10412
9987
9181
8540
7850
7122
6608
5861
5103
4171
3432
2818
2356
1796
1270
955
719
535
527
566
754
1124
1486
2070
2706
3479
4220
5131
5986
6972
8065
9193
10141
11276
12463
13340
14486
15311
16169
16720
17565
17543
18153
18522
18279
18424
18100
17841
17016
16551
15529
15107
14171
12946
11699
10596
9531
8524
7119
6261
5052
4051
3192
2460
1703
1203
805
510
531
556
847
1312
1839
2517
3313
4145
5435
6542
7663
8900
10311
11668
12856
14140
15266
16499
17371
18236
19367
19924
19939
20616
20780
20440
20299
20046
19951
19078
18272
17364
16180
15324
14262
12736
11534
10243
8858
7688
6585
5344
4112
3370
2490
1785
1265
890
598
549
609
820
1212
1718
2418
3255
4059
5036
6081
7276
8671
9715
10642
11923
12947
14121
14975
15561
16595
17238
17443
18074
18560
18371
18368
18064
17684
17318
16862
16066
15237
14466
13528
12398
11346
10125
9241
8067
6974
5926
5102
4090
3280
2528
1975
1492
959
763
549
505
616
775
934
1348
1738
2223
2876
3505
4252
4767
5607
6379
7031
7889
8589
9333
9978
10397
11172
11368
11419
11975
12161
12277
12221
12146
11923
11739
11505
10921
10387
9924
9566
9055
8542
7744
7076
6599
5639
5148
4790
3867
3471
2845
2344
2018
1634
1272
1022
779
640
569
498
521
619
639
838
1051
1100
1431
1793
1975
2275
2663
2912
3349
3554
3931
4162
4495
4594
5018
5176
5416
5494
5637
5710
5867
5907
5808
5796
5765
5703
5458
5626
5327
5247
4920
4780
4500
4159
3932
3713
3662
3436
3074
2843
2557
2392
2129
1931
1757
1549
1379
1321
1133
1059
859
792
697
553
557
552
520
511
510
571
545
578
626
675
661
799
824
907
1005
1098
1099
1120
1294
1378
1388
1407
1447
1533
1665
1579
1693
1625
1766
1769
1678
1635
1858
1802
1713
1638
1738
1650
1617
1598
1535
1543
1562
1444
1497
1367
1448
1321
1472
1288
1186
1303
1192
1102
1203
1061
951
986
910
885
843
836
787
811
741
665
634
672
645
585
